
% F 2140 40 mm, Precious Metal Brushes CLL, 4 Watt

Ra = 40;
La = 5.02*10^-3;
Jm = 24.5*10^-7;
Bm = 0.0;
Kt = 55.2*10^-3;
Ke = 173*0.10472;

